abc CS 2 BT21CS001 25 25 25 26 25 18 21 23 21 17
cde EC 6 BT19EC001 25 25 25 26 25 12 17 12 22 19
bcd CV 2 BT21CV001 25 25 25 26 25 16 18 21 12 17
def EE 8 BT18EE001 25 25 25 26 25 17 21 23 17 21
efg ME 8 BT18ME001 25 25 25 26 25 17 19 21 19 23
fgh CS 2 BT21CS002 25 25 25 26 25 23 19 17 21 24
RASHMI CV 2 BT21CV002 25 25 25 26 25 25 24 16 17 18
NEHA EC 2 BT21EC002 25 25 25 26 25 18 20 22 21 18
TUPKARY EE 2 BT21EE002 25 25 25 26 25 18 25 17 22 20
AARTI ME 2 BT21ME002 25 25 25 26 25 25 19 18 19 21
arya CS 2 BT21CS003 25 25 25 26 25 24 21 23 18 20
MANIDHAR CV 2 BT21CV003 25 25 25 26 25 19 21 23 19 23
SHRUTHI EC 2 BT21EC003 25 25 25 26 25 18 24 25 21 18
RONAK EE 2 BT21EE003 25 25 25 26 25 25 17 16 17 19
OMDHARME ME 2 BT21ME003 25 25 25 26 25 18 25 19 18 25
taduri CS 2 BT21CS004 25 25 25 26 25 22 23 18 22 25
YASHWANTH CV 2 BT21CV004 25 25 25 26 25 20 18 21 20 17
IZAAN EC 2 BT21EC004 25 25 25 26 25 18 23 17 25 22
NEHESH EE 2 BT21EE004 25 25 25 26 25 25 21 22 20 23
ANUJ ME 2 BT21ME004 25 25 25 26 25 25 25 17 21 17
priyanshu CS 2 BT21CS005 25 25 25 26 25 17 19 18 19 24
SHASHIDHAR CV 2 BT21CV005 25 25 25 26 25 20 22 23 21 25
NIKHIL EC 2 BT21EC005 25 25 25 26 25 25 20 24 17 22
DARSHAN EE 2 BT21EE005 25 25 25 26 25 16 23 18 22 18
VEDANT ME 2 BT21ME005 25 25 25 26 25 19 24 22 19 16
vatsa CS 4 BT20CS006 25 25 25 26 25 19 18 24 22 16
AVIRAT EC 4 BT20EC006 25 25 25 26 25 17 25 18 23 17
PURWA CV 4 BT20CV006 25 25 25 26 25 23 17 23 21 23
VAISHNAVI EE 4 BT20EE006 25 25 25 26 25 24 22 22 25 16
SOHAM ME 4 BT20ME006 25 25 25 26 25 25 17 22 17 20
VARSHA CS 4 BT20CS007 25 25 25 26 25 24 20 18 24 19
ASHLESHA EC 4 BT01EC007 25 25 25 26 25 17 20 23 19 19
MOHIT CV 4 BT20CV007 25 25 25 26 25 19 25 17 18 22
PRAVEEN EE 4 BT20EE007 25 25 25 26 25 25 22 20 24 18
JAYHAN ME 4 BT20ME007 25 25 25 26 25 17 25 22 18 22
THUMIKI CS 4 BT20CS008 25 25 25 26 25 19 19 24 23 19
KHUSHI EC 4 BT20EC008 25 25 25 26 25 20 16 19 25 24
TRISHA CV 4 BT20CV008 25 25 25 26 25 21 16 24 21 22
MANOJ EE 4 BT20EE008 25 25 25 26 25 24 20 18 17 21
DHANASHRI ME 4 BT20ME008 25 25 25 26 25 22 20 18 25 24
PRASHAL CS 4 BT20CS009 25 25 25 26 25 17 24 18 22 25
MAMATHA EC 4 BT20EC009 25 25 25 26 25 24 24 25 21 20
ROHAN CV 4 BT20CV009 25 25 25 26 25 24 23 25 23 22
RAKESH EE 4 BT20EE009 25 25 25 26 25 17 22 17 24 21
PRANJAL ME 4 BT20ME009 25 25 25 26 25 22 18 16 25 22
TRIVEDI CS 4 BT20CS010 25 25 25 26 25 19 16 23 19 25
MAHAVIR EC 4 BT20EC010 25 25 25 26 25 22 24 16 25 17
KRISHNA CV 4 BT20CV010 25 25 25 26 25 23 16 23 25 23
KANISHK EE 4 BT20EE010 25 25 25 26 25 16 21 18 21 16
RUCHIR ME 4 BT20ME010 25 25 25 26 25 18 22 17 23 17
VISHAL CS 6 BT19CS011 25 25 25 26 25 24 22 25 23 16
MAYANK EC 6 BT19EC011 25 25 25 26 25 18 16 25 18 22
SHOAIB CV 6 BT19CV011 25 25 25 26 25 21 21 22 16 18
SOHAIL EE19 BT19EE011 25 25 25 26 25 17 18 17 16 17
ARNAV ME 6 BT19ME011 25 25 25 26 25 22 18 20 16 18
DEVANSH CS 6 BT19CS012 25 25 25 26 25 17 16 21 22 24
ZAID EC 6 BT19EC012 25 25 25 26 25 25 22 21 18 21
GURPREET CV 6 BT19CV012 25 25 25 26 25 22 21 16 25 17
UMAIR EE 6 BT19EE012 25 25 25 26 25 16 25 24 24 18
SWETH ME 6 BT19ME012 25 25 25 26 25 24 18 16 24 22
PARATE CS 6 BT19CS013 25 25 25 26 25 16 23 18 23 25
REVANKAR EC 6 BT19EC013 25 25 25 26 25 20 18 16 23 20
AJITH CV 6 BT19CV013 25 25 25 26 25 23 17 23 24 21
MRUNMAI EE 6 BT19EE013 25 25 25 26 25 17 22 18 21 20
MAHIKA ME 6 BT19ME013 25 25 25 26 25 25 20 24 23 25
SIDHANT CS 6 BT19CS014 25 25 25 26 25 20 23 16 21 16
AYESHA EC 6 BT19EC014 25 25 25 26 25 21 22 22 20 19
BHOSALE CV 6 BT19CV014 25 25 25 26 25 19 22 18 17 25
AZIZULLAH EE 6 BT19EE014 25 25 25 26 25 21 16 18 22 21
DHENGE ME 6 BT19ME014 25 25 25 26 25 17 23 21 23 16
PRAJWAL CS 6 BT19CS015 25 25 25 26 25 17 25 16 22 17
HRUTIK EC 6 BT19EC015 25 25 25 26 25 25 23 22 23 25
GAJANAN CV 6 BT19CV015 25 25 25 26 25 21 23 18 24 24
ANSHU EE 6 BT19EE015 25 25 25 26 25 16 23 18 25 20
LOKHANDE ME 6 BT19ME015 25 25 25 26 25 24 23 18 23 19
HARDIK CS 8 BT18CS016 25 25 25 26 25 24 20 21 16 21
VINOD EC 8 BT18EC016 25 25 25 26 25 18 19 19 23 22
MOHITE CV 8 BT18CV016 25 25 25 26 25 18 21 19 25 23
VARSHIT EE 8 BT18EE016 25 25 25 26 25 19 25 22 19 25
KANADE ME 8 BT18ME016 25 25 25 26 25 21 23 20 23 18
JADHAV CS 8 BT18CS017 25 25 25 26 25 24 17 22 24 18
SHYAM EC 8 BT18EC017 25 25 25 26 25 24 24 16 20 23
ANIKET CV 8 BT18CV017 25 25 25 26 25 17 21 20 19 18
GOWREESH EE 8 BT18EE017 25 25 25 26 25 25 24 21 19 22
ABHISHEK ME 8 BT18ME017 25 25 25 26 25 25 22 19 21 16
DESHMUKH CS 8 BT18CS018 25 25 25 26 25 22 24 20 16 25
BABLOO EC 8 BT18EC018 25 25 25 26 25 22 23 17 24 17
MESHRAM CV 8 BT18CV018 25 25 25 26 25 25 24 20 22 22
SANDEEP EE 8 BT18EE018 25 25 25 26 25 19 25 21 18 22
GOVARDHAN ME 8 BT18ME018 25 25 25 26 25 21 22 19 22 20
SIVA CS 8 BT18CS019 25 25 25 26 25 17 23 17 20 21
ABHINAV EC 8 BT18EC019 25 25 25 26 25 17 24 18 22 17
PUJITHA CV 8 BT18CV019 25 25 25 26 25 20 23 21 23 21
GAURAV EE 8 BT18EE019 25 25 25 26 25 17 25 20 23 25
NETRA ME 8 BT18ME019 25 25 25 26 25 23 18 23 20 23
DHANUSH CS 8 BT18CS020 25 25 25 26 25 20 22 21 25 25
GHOPE EC 8 BT18EC020 25 25 25 26 25 22 17 18 23 25
RISHITHA CV 8 BT18CV020 25 25 25 26 25 22 19 16 23 25
CHAKRADHAR EE 8 BT18EE020 25 25 25 26 25 17 20 25 19 22
SMIT ME 8 BT18ME020 25 25 25 26 25 19 20 22 16 19
